[62.85318994339936, 0.03520655999519709, 2.4656962320478257, 0.2983802928139838, 0.005799715071763458, 3.3418079001616716, 0.17291140960995874, 0.03129548733890883, 5.6998358158491484, 0.2779586205988884, 0.02904969411026442, 7.065852194764932, 0.4384024749757559, 0.010391606422909904, 7.614688026666218, 0.21513955890836206, 0.003129820901201439, 11.739129338063739, 0.8574774897778502, -2.998949888336988, 1.1275156104502553]
[71.05716903488307, 0.03111247996014366, 2.589780577726537, 0.3193096220486427, 0.003920647449971455, 3.56370786432684, 0.16065417724382922, 0.019140656682988033, 5.970728143317732, 0.23432231911581988, 0.029731440050758205, 7.551005749781985, 0.4497814898247241, 0.002502006805365734, 12.321025887819479, 0.4234858991196224, -2.3808366901806783, 1.2210773066214253]
[57.49138259711555, 0.03235685121258432, 2.5778611170963206, 0.4095459468522843, 0.0029754427688597875, 3.648313408118975, 0.14806552940964962, 0.020602591226126694, 6.241927345754229, 0.3659910494231485, 0.017493774441155425, 7.916004401678501, 0.4598054356881779, 0.0030664459312085128, 13.114364546962543, 0.4638484772448495, -2.373023014799028, 1.2130360888495577]
[53.807021079757014, 0.02959132100974301, 2.8382193121010046, 0.4081561677251712, 0.005043715443403263, 3.914316435408407, 0.2969622582007307, 0.01837057012303279, 6.628782390082236, 0.3536023475514501, 0.02059754386675414, 8.41284171715699, 0.4964849526965329, 0.0017796390602202597, 13.47280444653326, 0.416375785799194, -3.2885884173632607, 1.2349951023554744]
[44.08243728004751, 0.024847580440093685, 3.1159589360723903, 0.43115344429471664, 0.003646463662331228, 4.178001617787391, 0.2972863194864772, 0.016112258904169813, 7.114452666703998, 0.3627073299034008, 0.013323218844717292, 9.058115552948625, 0.49330948123614515, 0.0009228627901574157, 14.391885052793285, 0.28347307602988536, -3.268972262724631, 1.2330671059921785]
[36.925682453920146, 0.0180798789005355, 3.242424315945173, 0.33617357711097084, 0.0037339106364780985, 4.418947809219043, 0.2513702824279532, 0.011895850725922131, 7.481921494615208, 0.3455409711500742, 0.011045210128467936, 9.470278138112084, 0.4970401571321476, 0.0007167272928209161, 14.920294093673158, 0.2488634048643989, -3.284947165723642, 1.2100031074172903]
[30.143446022839797, 0.01523380148561661, 3.821526193592953, 0.4548164560219009, 0.002452319467908877, 5.177608907025788, 0.21440856199182598, 0.007361297011110712, 8.714333043156568, 0.34599875051793666, 0.007457925395452437, 10.755330118384057, 0.4934593850907542, -3.326342769465269, 1.2543554024962345]
[26.226990915228328, 0.013347134673703093, 4.079253055531118, 0.48197189221981157, 0.0018026093117679155, 5.520142343445053, 0.31864672783958115, 0.006834698661817102, 9.12718366340009, 0.3139252182875586, 0.005741735095782256, 11.43576957991126, 0.46240827236539095, -3.2178383678548013, 1.2503279674140941]
[22.76656826978563, 0.00895586578686838, 4.153711167416914, 0.4574773120732436, 0.0011677459705057322, 5.949514327710714, 0.1782168631269326, 0.006027038140778408, 9.66058171275962, 0.391322476039649, 0.004098985315350187, 12.559371430119267, 0.46604129731773186, -2.702413197508852, 1.297144690238493]
[18.503701958711577, 0.010163503789297335, 4.492739541181886, 0.46643492646373635, 0.0011751963582880259, 6.080454141307199, 0.2151276654104547, 0.003846174751217008, 10.162580752284022, 0.45949670755549155, 0.0025189661426258877, 12.559112416543014, 0.48452968925743434, -3.0287422721503527, 1.2587549641105675]
[15.42106969768027, 0.003951318040424501, 5.595149011584846, 0.4444195313298015, 0.0010756422380922013, 7.310712553843334, 0.3329717508627836, 0.0005542003056332315, 10.365473485220916, 0.37398177578335645, 0.0010377522725405388, 12.880377911904656, 0.14252564443412824, -2.4236911041614526, 1.4410405764683816]
[13.435452394794005, 0.0031226351501407786, 5.81601488329515, 0.24027022003597048, 0.0009530741987449349, 7.677653094304918, 0.34448826785342357, 0.0009387796197716269, 11.606734395567988, 0.32899287923524767, 0.001529835589888225, 13.502485140342273, 0.3783607683799317, -3.3381201822573456, 1.2939257717181494]
